60 4
1 1 10.106077603086304
1 2 4.143762934201565
1 3 -12.924900365794151
1 4 -6.139271215961987
2 1 -3.10064132408058
2 2 -4.384469503598371
2 3 17.457276452687054
2 4 -1.9865426825522292
3 1 5.61132332859167
3 2 -8.370417256274449
3 3 3.4763851860154555
3 4 4.133808087420583
4 1 -9.533685186769516
4 2 6.9485073059963245
4 3 -5.701526862773257
4 4 5.6575213545175105
1 5 0.14519074366616577
2 6 0.21616027779742245
3 7 0.23655071188894838
4 8 0.2918100681826484
5 5 9.03439737114758
5 6 -14.600967230968784
5 7 0.4967396240650665
5 8 6.9317079316144214
6 5 -9.000404464916473
6 6 7.784944609943652
6 7 -3.0415331656364053
6 8 2.5891262096488323
7 5 10.598875335248705
7 6 -0.8540967984256097
7 7 -8.38509531455024
7 8 -2.9884797875309554
8 5 -8.095789481881905
8 6 2.570348269359977
8 7 15.005880944258159
8 8 -2.3869474766150938
5 9 0.2570304707428306
6 10 0.21726761051820762
7 11 0.2421536589660046
8 12 0.19843313439462756
5 4 0.2665741573886747
6 4 0.10579983196350948
7 4 0.25632158943126193
8 4 0.21684529767543795
9 9 -0.22988612357295857
9 10 -0.42773221993683824
9 11 -5.166844777819703
9 12 11.598420334235612
10 9 1.0242523439057765
10 10 -13.763265204373601
10 11 10.404951992719822
10 12 -4.556265609576582
11 9 7.261266018571982
11 10 5.478029229743206
11 11 -7.3098436363983215
11 12 2.0827507868400685
12 9 -10.52747046064586
12 10 5.560717827152822
12 11 9.467881078923954
12 12 -11.964487939067546
9 13 0.24193706227028303
10 14 0.08274647911422847
11 15 0.29308879252123493
12 16 0.018011340182449764
9 8 0.21057652500007365
10 8 0.2921317948359343
11 8 0.07766781833414473
12 8 0.18943591179433386
13 13 -3.911461180889572
13 14 5.451315916720966
13 15 4.808414949402988
13 16 -5.7693680662145725
14 13 9.42245118201862
14 14 -8.46295505397722
14 15 -0.9960674537069767
14 16 0.7857667155847344
15 13 -9.167968083208667
15 14 0.2978431373665465
15 15 6.933680872892084
15 16 4.311529386462699
16 13 -4.313595229316305
16 14 14.607053740647888
16 15 -16.835931846690976
16 16 8.144697688247984
13 17 0.13055663121688207
14 18 0.21783152125091715
15 19 0.25043086923327224
16 20 0.16479476324284606
13 12 0.14956285564217583
14 12 0.1610010449767168
15 12 0.2996765925622194
16 12 0.21481261372555452
17 17 2.8405415632270463
17 18 -6.710260594518888
17 19 -3.977663912875352
17 20 11.931418487235998
18 17 9.686893436630202
18 18 -8.528359400803266
18 19 6.376700447000369
18 20 -7.345061753990107
19 17 -4.018653801869224
19 18 -3.896367936635147
19 19 8.924109188086167
19 20 -3.509236033835928
20 17 -7.504153289902304
20 18 17.271003233433984
20 19 -6.254112284561531
20 20 -2.5578499179510894
17 21 0.26557109811496554
18 22 0.15213919129363676
19 23 0.16526919112424807
20 24 0.2826360634714286
17 16 0.2097657408074838
18 16 0.24130541089945234
19 16 0.15264245181235978
20 16 0.07066010626952346
21 21 2.9148495904450926
21 22 3.2504544395655564
21 23 -9.424863755029476
21 24 6.30128398063325
22 21 10.307208725193624
22 22 -6.474881874067059
22 23 11.04058781623427
22 24 -14.334058330515104
23 21 -10.852344264861065
23 22 -2.8254301615254005
23 23 2.717510413867748
23 24 6.748098905874918
24 21 1.6277827246237981
24 22 13.268323300819745
24 23 -3.8314869113690744
24 24 -0.9082959639872721
21 25 0.15807576935257325
22 26 0.034492609317278974
23 27 0.12006045537225353
24 28 0.1793653959914313
21 20 0.1481146621088583
22 20 0.19236892211911544
23 20 0.25787092998664024
24 20 0.02424804938202685
25 25 6.54735614351403
25 26 2.6334144203990317
25 27 -0.6365292162160825
25 28 -16.586593880655226
26 25 5.377092192573412
26 26 -7.808854098714384
26 27 -7.459576069707119
26 28 14.732830159031108
27 25 -7.897996063114188
27 26 -5.0300937533044845
27 27 10.909904435288048
27 28 6.797922550943903
28 25 -0.6700288641849036
28 26 6.309945062284851
28 27 -3.5892761823850883
28 28 1.4208828035451837
25 29 0.27258306470403276
26 30 0.26792793118710884
27 31 0.0672337571152597
28 32 0.1962740568723123
25 24 0.2295266760451847
26 24 0.2433274938213119
27 24 0.08719085647547706
28 24 0.0007937188877525258
29 29 -7.287419290445697
29 30 10.633465900799825
29 31 -10.90773814253646
29 32 5.82603862393652
30 29 10.76758007551792
30 30 -15.153608074389965
30 31 3.730635584299962
30 32 -0.4651578563022631
31 29 -5.614518028541097
31 30 -4.145524872757514
31 31 4.027227467226129
31 32 6.130297838229309
32 29 2.8015339740219463
32 30 8.48457029636108
32 31 5.66189326030833
32 32 -10.138735162964348
29 33 0.22388860259027213
30 34 0.18329866496356406
31 35 0.2637423649853657
32 36 0.20773420445303695
29 28 0.13912280030659308
30 28 0.2652903427244529
31 28 0.24970211715135476
32 28 0.11340418294459825
33 33 1.5493995400199703
33 34 -14.366254924821638
33 35 -6.038426844257737
33 36 14.276565187606346
34 33 -2.4526065985360774
34 34 -3.598042885876137
34 35 12.71703460250976
34 36 -2.0874167226088804
35 33 9.510889494138903
35 34 -4.440497935091421
35 35 -13.14871396687035
35 36 -0.9629242791592675
36 33 -3.4077902100500497
36 34 8.002901074114348
36 35 1.4823635640325599
36 36 -0.19466462177189017
33 37 0.14876755642140946
34 38 0.1395153092175253
35 39 0.11221989424477778
36 40 0.21302675342223942
33 32 0.1637151600455304
34 32 0.031277123959894744
35 32 0.2696251197937791
36 32 0.2658518711501046
37 37 11.38233832228894
37 38 -3.540056199511516
37 39 1.2951201600635884
37 40 -9.090530704158164
38 37 -3.9158916674529793
38 38 -4.974973770280894
38 39 2.547509096454037
38 40 8.478424724915124
39 37 -11.547182554674912
39 38 10.189852013055537
39 39 9.290226511919274
39 40 -4.329066689231893
40 37 7.333461670216386
40 38 -3.2425168376296045
40 39 -13.742229863731188
40 40 7.468275473642645
37 41 0.05145150008925128
38 42 0.11872552860075691
39 43 0.10202693381552197
40 44 0.27393312142719517
37 36 0.1479385308486623
38 36 0.22635947608620868
39 36 0.17430744265793807
40 36 0.2845038612853421
41 41 4.28313519341207
41 42 7.07843950247379
41 43 -10.16455603256011
41 44 3.8405693978233337
42 41 -10.960996605846129
42 42 4.693902043129089
42 43 8.352772828391524
42 44 -4.154952001383486
43 41 -3.684385978429856
43 42 -16.64138408921793
43 43 8.923887642634057
43 44 8.867225396280881
44 41 9.437997728597413
44 42 1.9939830170483583
44 43 -3.8525549332397278
44 44 -4.858590454565521
41 45 0.29534027918560807
42 46 0.16443215739296174
43 47 0.18678613761156926
44 48 0.029142047798593283
41 40 0.1010848576889556
42 40 0.01323023523921465
43 40 0.09333517870458467
44 40 0.15077593100174597
45 45 -5.52181418085187
45 46 2.4797960042766714
45 47 0.9634160684213702
45 48 7.427722314083093
46 45 1.2671393029419151
46 46 14.150472365357421
46 47 -11.94801772152499
46 48 -4.253544484971603
47 45 -5.28554392565963
47 46 -7.409703588618334
47 47 14.828205534426864
47 48 -1.4694298403788144
48 45 10.854579929178646
48 46 -9.939166149481132
48 47 -3.207381556599223
48 48 2.966456029370401
45 49 0.09452058875681542
46 50 0.054991570899970844
47 51 0.0666146047131956
48 52 0.18335849422329067
45 44 0.1532842503036266
46 44 0.13845208331119488
47 44 0.16158730470996788
48 44 0.2787816285127758
49 49 6.5524433052423054
49 50 5.097400866215981
49 51 8.494064333729083
49 52 -10.1899150009103
50 49 -2.6262199074414943
50 50 -8.206293004161706
50 51 1.52779322821547
50 52 6.08741019281576
51 49 13.40107065147085
51 50 5.299043965998355
51 51 -15.125473485519853
51 52 -3.4535378704560142
52 49 -10.884702771980928
52 50 3.914841623697153
52 51 7.129789301524205
52 52 2.1107901915970286
49 53 0.286040263977777
50 54 0.04171535738589325
51 55 0.26918734492653434
52 56 0.26142277068479136
49 48 0.043521954094594806
50 48 0.2220637807661568
51 48 0.15167125177867413
52 48 0.13162937469907265
53 53 -6.8900926399293585
53 54 0.450875909228968
53 55 11.296057603640426
53 56 -10.486780316983905
54 53 2.748360184692789
54 54 -3.9658294378118066
54 55 -0.4886824450346017
54 56 11.370942387258376
55 53 8.84284136137597
55 54 0.22794527525957067
55 55 -3.703399434278001
55 56 -13.200074986670735
56 53 -9.674509180192588
56 54 6.456953013791896
56 55 -2.1488879030600105
56 56 12.321541650734739
53 57 0.15095612409807793
54 58 0.06454937366833188
55 59 0.08249590429714304
56 60 0.15706903759537388
53 52 0.10718137596688522
54 52 0.07151933946834055
55 52 0.03893848154887847
56 52 0.17292898652012437
57 57 -0.3950816664046746
57 58 -3.155492090601514
57 59 6.282030658469656
57 60 -3.019081964441798
58 57 11.606438319192621
58 58 -5.169901963708863
58 59 -0.456313509396267
58 60 -8.445647033897659
59 57 -7.238607575746291
59 58 17.773629134994
59 59 -3.982442831029844
59 60 5.808296559887606
60 57 -4.582212625801854
60 58 -5.857500352593952
60 59 -7.402250986730921
60 60 13.279222407060923
57 56 0.013844459470199988
58 56 0.1718089520072897
59 56 0.12354203096402273
60 56 0.16684177741083864
