300 4
1 1 9.502460971734706
1 2 11.817798527861486
1 3 -0.8498913600484262
1 4 -14.97469668642345
2 1 -6.843496787374821
2 2 1.4452131181270302
2 3 -2.2836841779189565
2 4 7.054085556921819
3 1 6.623958633937127
3 2 -0.15751700368441707
3 3 -6.431973885935014
3 4 3.0604573079329493
4 1 -1.7817408930130914
4 2 -13.323537430179599
4 3 12.72074113499839
4 4 0.18643947097924032
1 5 0.17964723822678041
2 6 0.07170099627853722
3 7 0.09897056017076612
4 8 0.29719440567276123
5 5 -0.39906858013951907
5 6 -10.322710811374867
5 7 -3.7040404933213793
5 8 17.6540275388254
6 5 8.303762327733072
6 6 4.6939419774122095
6 7 -1.013463760772701
6 8 -9.753737164649422
7 5 -3.4640589856481965
7 6 6.551051036006324
7 7 -0.8268154372233111
7 8 -1.7035082589769788
8 5 -3.9534010082609865
8 6 -11.691184949265063
8 7 12.87736912769567
8 8 -0.32918795851569366
5 9 0.1505952490500149
6 10 0.03248500378991237
7 11 0.20397791530967574
8 12 0.04170724765188438
5 4 0.28211243043565637
6 4 0.019928049164156334
7 4 0.08272206098574268
8 4 0.0034576317125055043
9 9 0.8273763873020202
9 10 -5.942179618809439
9 11 1.2989494920543025
9 12 11.074704502516646
10 9 -10.693716106430323
10 10 -6.711096067713984
10 11 11.661255148932323
10 12 2.8160319505119062
11 9 -1.1575521907313597
11 10 7.97326166387054
11 11 -9.091655140799856
11 12 5.78847493634501
12 9 10.556144502387594
12 10 4.437881007150797
12 11 -2.4931614117153464
12 12 -14.626688810671649
9 13 0.03192278622158446
10 14 0.13885945426703042
11 15 0.29097993623038637
12 16 0.17274498359018822
9 8 0.17271115994681163
10 8 0.11469761478189386
11 8 0.06126487034124168
12 8 0.11960659317187061
13 13 1.2125194659896126
13 14 -6.860480828929566
13 15 2.738508346323784
13 16 6.402604404822583
14 13 -7.635887335351631
14 14 11.480641356892125
14 15 -12.503309419981806
14 16 4.830232465650112
15 13 15.465867490419063
15 14 -8.569011687404736
15 15 0.6350656961781971
15 16 -0.5622349692980108
16 13 -7.448604377801856
16 14 5.329944197823833
16 15 7.939543346213905
16 16 -8.302303217817254
13 17 0.15735170290075473
14 18 0.10662721771018584
15 19 0.2145875083645475
16 20 0.05023258099846382
13 12 0.16437256647837983
14 12 0.026006756232595785
15 12 0.1753981640481673
16 12 0.03320039776206383
17 17 -9.886850217893409
17 18 5.7583546518634465
17 19 1.6318066225620447
17 20 3.777847142834027
18 17 -1.8438774320897466
18 18 2.5003200065187436
18 19 7.398062859908239
18 20 -8.515043080949408
19 17 4.854101417766459
19 18 -12.167551865887132
19 19 6.940382217865365
19 20 0.9916334986737585
20 17 11.99204192666321
20 18 -1.4932028790589242
20 19 -16.215260085780226
20 20 9.029429680104684
17 21 0.06775644781109318
18 22 0.06365598707369646
19 23 0.26319912652525723
20 24 0.08579889621102652
17 16 0.21504068163987092
18 16 0.047213130373109126
19 16 0.09896221111237768
20 16 0.02745089143226398
21 21 -5.075994648801866
21 22 20.403248156064866
21 23 1.2565494192171134
21 24 -7.690703537044434
22 21 8.222755469132673
22 22 -4.611403897120169
22 23 9.115056283573574
22 24 -9.754228013679382
23 21 7.826771115487296
23 22 -7.382106049090705
23 23 -3.6923498354357025
23 24 3.0843413224467895
24 21 -6.15085703326128
24 22 -4.276243106920598
24 23 1.7701384345034725
24 24 5.287230382855018
21 25 0.09383443190530434
22 26 0.17450384480077843
23 27 0.17859158410170525
24 28 0.28239710623286396
21 20 0.167367885446395
22 20 0.1778554789732908
23 20 0.07694569744111894
24 20 0.060557316747789434
25 25 3.877173514058536
25 26 2.2328929964034
25 27 7.179692212229488
25 28 -8.33935131109563
26 25 -1.8896330588842774
26 26 -7.665836736338936
26 27 12.509525940015518
26 28 3.7220074516040667
27 25 -5.675630565472638
27 26 9.137806940995228
27 27 -15.149713374741614
27 28 7.052927391485744
28 25 11.545718615397483
28 26 -5.1852665270037965
28 27 -3.528603563481578
28 28 -7.389185383645855
25 29 0.273649560016987
26 30 0.17500261883102028
27 31 0.25844511137051807
28 32 0.10662248498979938
25 24 0.21672128203620777
26 24 0.10679078324115995
27 24 0.004094242444132412
28 24 0.2683476217676705
29 29 -5.364848487229472
29 30 13.406745792464333
29 31 -10.081280231951908
29 32 -6.390981537255097
30 29 10.550836861650108
30 30 -10.99676126871877
30 31 -4.7151287443356065
30 32 0.18424660649900934
31 29 -6.60997406295234
31 30 5.507746421973621
31 31 -2.3980688576569107
31 32 5.93856075530424
32 29 1.5898597115497952
32 30 -3.946564898431854
32 31 16.032501657671737
32 32 -0.5449820320497538
29 33 0.17447732549451941
30 34 0.27957943302470634
31 35 0.17793366148880513
32 36 0.2788575262691453
29 28 0.20673078708690865
30 28 0.04550634737661736
31 28 0.14429900150184627
32 28 0.11004407304929271
33 33 -10.502708280913023
33 34 -5.963389345346365
33 35 2.724344517784552
33 36 11.655117137702423
34 33 2.0243091438697975
34 34 14.045210079302148
34 35 -1.9301450972340009
34 36 -5.823902009593673
35 33 4.364944591695516
35 34 4.184682501766417
35 35 5.717543108321651
35 36 -10.500739871526052
36 33 8.737272509653415
36 34 -12.124834605007589
36 35 -7.032554681271163
36 36 3.940778211895861
33 37 0.07471354717289191
34 38 0.07239860747839992
35 39 0.11715249003275587
36 40 0.03205009490293038
33 32 0.16691892719695825
34 32 0.09368234940696425
35 32 0.17126742159807315
36 32 0.23466826656427817
37 37 12.662949131939397
37 38 2.9701351953807427
37 39 -3.178020265238779
37 40 -5.433382170159495
38 37 -0.45548317573110914
38 38 10.435489746347388
38 39 1.9446961434934673
38 40 -5.227211417560989
39 37 -5.24369096642651
39 38 -7.452555108550633
39 39 -8.91143002350996
39 40 11.420215250492173
40 37 -11.011040625285318
40 38 -8.602746168292256
40 39 11.827902639965918
40 40 4.35577271546471
37 41 0.014006546309033441
38 42 0.2728080251742437
39 43 0.22275261562328447
40 44 0.18728522575980536
37 36 0.27713459796909357
38 36 0.27922369081421006
39 36 0.2793299396968762
40 36 0.17185094698511177
41 41 10.083609496371862
41 42 -14.523647009729832
41 43 5.0524627103048845
41 44 -4.937988679111078
42 41 7.373950260224806
42 42 5.578865464041962
42 43 -11.660608202473217
42 44 -2.4376454779672545
43 41 0.2413619688085317
43 42 -4.702255599345748
43 43 -1.2679734273918757
43 44 7.382056259521281
44 41 -12.845066030830347
44 42 11.004381747098869
44 43 5.947985387887708
44 44 2.5139531208298447
41 45 0.28282483172610157
42 46 0.21200072115553825
43 47 0.13444943239052043
44 48 0.052805631272089947
41 40 0.045945297798563045
42 40 0.04242954837287709
43 40 0.1445218734681652
44 40 0.06945518716119133
45 45 8.871787707078173
45 46 -9.492717433441673
45 47 -1.9096636709187957
45 48 2.9609906860895716
46 45 0.5980524064850299
46 46 5.807281002009592
46 47 -6.346678368123033
46 48 4.351209778018449
47 45 0.2457681665216381
47 46 10.113932936217166
47 47 1.9958241452046308
47 48 -6.938376586798114
48 45 -18.272073913079137
48 46 -9.495104186674487
48 47 11.106334384273737
48 48 4.429120466570039
45 49 0.22173441195522126
46 50 0.25940640970675216
47 51 0.0902086676248719
48 52 0.030747020950855172
45 44 0.2626222308116463
46 44 0.012831059670851986
47 44 0.08979623130038698
48 44 0.23108724449436957
49 49 13.451542146861323
49 50 -2.6056055701733483
49 51 -3.314298943795886
49 52 -4.300134834713136
50 49 -5.420095140298124
50 50 -1.0412823594930498
50 51 10.858925067967716
50 52 -3.03632980953899
51 49 11.739572519295278
51 50 -6.357310786009675
51 51 -10.264660059928792
51 52 11.771944112237989
52 49 -8.542652677971226
52 50 7.76543226268074
52 51 -7.03614329568985
52 52 4.028994986191279
49 53 0.04104034334513653
50 54 0.17800224673895726
51 55 0.19497228883811282
52 56 0.015266517773065445
49 48 0.15604773272560377
50 48 0.14403576118519848
51 48 0.04499071944795152
52 48 0.06023573738605761
53 53 12.28003463451054
53 54 -10.00520128580977
53 55 2.698122583913744
53 56 0.7791882864076711
54 53 8.240495857037262
54 54 4.1051642103751425
54 55 -3.2820802622921548
54 56 -0.0844903794285303
55 53 -16.10682301900044
55 54 6.818777616685057
55 55 -5.4375132355903935
55 56 5.68337467533803
56 53 -0.03543123002318547
56 54 3.907393362879672
56 55 11.29826552030834
56 56 -11.443767134793832
53 57 0.25676088555162074
54 58 0.23445203808602716
55 59 0.23654129965744225
56 60 0.22866984028959456
53 52 0.004560273358079803
54 52 0.12298201814523976
55 52 0.2591971576275627
56 52 0.2891871010112677
57 57 11.153874371830824
57 58 -4.474230101145928
57 59 1.5043770631824938
57 60 -9.327625652830882
58 57 -8.66961465543484
58 58 9.254540292133541
58 59 -5.014846436422106
58 60 8.021466473467054
59 57 -16.06793131471352
59 58 5.325045759033641
59 59 7.960838911327636
59 60 -3.0551060895841347
60 57 2.9938503781744648
60 58 -5.873127795864403
60 59 -0.6398845554170302
60 60 10.435222876150966
57 61 0.2086275367527263
58 62 0.04750423920051059
59 63 0.20030107078377182
60 64 0.21284851198789886
57 56 0.13431061125941982
58 56 0.27057093268293986
59 56 0.2955650433421724
60 56 0.09581660685005775
61 61 2.9791697085601907
61 62 -10.851312790946082
61 63 -4.325738895025115
61 64 9.101497447990926
62 61 -6.819883048339876
62 62 11.399769552973405
62 63 0.971725957902921
62 64 0.632957766315034
63 61 -5.481660909836017
63 62 -14.734545823828784
63 63 8.134585675162462
63 64 2.5299167830089746
64 61 12.384140818875824
64 62 6.851910396771185
64 63 -6.300204454064672
64 64 -5.502566872034193
61 65 0.032235825021094254
62 66 0.2619670092188855
63 67 0.16936042343022953
64 68 0.006922879112904989
61 60 0.2070142025782248
62 60 0.08104438509830474
63 60 0.13644709214243994
64 60 0.27360384734344106
65 65 8.49086136014918
65 66 -0.8711742872253246
65 67 -8.209950533524951
65 68 6.325430893374008
66 65 9.957586830277602
66 66 16.158795835937973
66 67 -3.8933433750703665
66 68 -10.136625763048187
67 65 -12.747715322256333
67 66 -1.1821355533101978
67 67 4.789558922311928
67 68 2.0384395011726926
68 65 4.247397139157492
68 66 -10.430643628742303
68 67 3.981496583503843
68 68 1.968404796265083
65 69 0.05309933932337394
66 70 0.03385469854267773
67 71 0.06274523245618002
68 72 0.2859264916811843
65 64 0.2889845955656828
66 64 0.26123972632103176
67 64 0.05456689174773581
68 64 0.1492106126633719
69 69 -9.669610059971754
69 70 2.134639426384845
69 71 -5.118022575246907
69 72 11.086103660470323
70 69 11.534358641225355
70 70 9.12530390990424
70 71 -4.873562426416045
70 72 -13.740019418838978
71 69 -0.2246216377628082
71 70 -3.1232870546842535
71 71 12.890234411879044
71 72 -6.7933955417443785
72 69 2.806817863994459
72 70 -4.985149950722455
72 71 -3.822301411929469
72 72 7.109154912284495
69 73 0.04820099353163365
70 74 0.22470287015003446
71 75 0.0012875033937214786
72 76 0.12273309681685515
69 68 0.2472049393014312
70 68 0.1909843426712674
71 68 0.06332025187309873
72 68 0.295980265682627
73 73 -13.065564635026425
73 74 1.0155003709566177
73 75 12.774878184235124
73 76 8.138809667925585
74 73 -3.4402060627661664
74 74 14.557108972332996
74 75 -3.3438318367783535
74 76 1.1140412456225461
75 73 7.042899884031007
75 74 -11.855102234372545
75 75 -6.246756562470124
75 76 1.1982469326538312
76 73 7.14110942221009
76 74 -4.8075796247518845
76 75 2.131822197348849
76 76 -7.028422522856268
73 77 0.12462200131512395
74 78 0.010022298857779098
75 79 0.20325252865623106
76 80 0.2528395503978574
73 72 0.12858958454064032
74 72 0.03306488313787561
75 72 0.2641228765359667
76 72 0.05890979565017718
77 77 -9.114710055389205
77 78 15.077464311293992
77 79 0.6457835701050872
77 80 -5.631069408645467
78 77 -4.531037059916407
78 78 -13.052674969033127
78 79 8.520975923170994
78 80 9.038871453868826
79 77 2.169443884010374
79 78 -2.5987798411542538
79 79 -3.084231943682242
79 80 7.755186905703148
80 77 9.761094559105034
80 78 1.3896286860212765
80 79 -2.183399767672567
80 80 -11.187603829207703
77 81 0.26403292297247843
78 82 0.1374360139617418
79 83 0.23753161556600072
80 84 0.05520994468242213
77 76 0.06874431623043142
78 76 0.008562418895836353
79 76 0.21289866530718066
80 76 0.2730170147796682
81 81 3.549381608276893
81 82 -17.60435043004735
81 83 3.3621593866557298
81 84 8.924260993044959
82 81 4.761132245938137
82 82 -1.2188232769305578
82 83 3.3923826045079055
82 84 -5.754625287285218
83 81 4.663143642331111
83 82 11.044875297638427
83 83 -10.373886561077164
83 84 -3.172341012836279
84 81 -12.680168223463928
84 82 8.127141924286075
84 83 4.446287785952343
84 84 2.3963050273216346
81 85 0.28465551922167465
82 86 0.04461240233361872
83 87 0.21237414337700475
84 88 0.0405247391294953
81 80 0.10120805417946108
82 80 0.12123012074420186
83 80 0.23857455026391342
84 80 0.24697355183111333
85 85 -1.8010207832427947
85 86 -9.720578427207647
85 87 5.413085221998091
85 88 16.681096552266016
86 85 -6.223881806670347
86 86 8.326989630504318
86 87 -0.6817324752116783
86 88 -7.861767598298115
87 85 1.1064339564626315
87 86 9.178130868343796
87 87 -10.266019792871136
87 88 1.3456657548122244
88 85 7.323568809303795
88 86 -9.326912646812609
88 87 8.008159197780001
88 88 -4.789338260578056
85 89 0.12337030544662991
86 90 0.2248682388000205
87 91 0.16385659633403513
88 92 0.08765257837312934
85 84 0.22029732447768574
86 84 0.17533235982686365
87 84 0.19548001471302026
88 84 0.14449933583102711
89 89 -3.7571848983453497
89 90 6.158878199262209
89 91 -3.652944011443961
89 92 10.832315715338893
90 89 11.028272498305423
90 90 -8.181294831755176
90 91 -7.936359015431734
90 92 1.8130671481728213
91 89 -3.7141531584897947
91 90 -3.705135758604119
91 91 4.377898902188362
91 92 12.957824780080541
92 89 0.4019007249938291
92 90 3.1616589353705344
92 91 4.77239723907834
92 92 -17.632690027469025
89 93 0.0312866183906688
90 94 0.009189048569068348
91 95 0.29382022776528066
92 96 0.037558429464285115
89 88 0.12792409051777853
90 88 0.20746854137049922
91 88 0.13823662831940056
92 88 0.10042979582861379
93 93 8.32656167750403
93 94 2.200438252690677
93 95 -4.913009575171602
93 96 -5.223813945380923
94 93 -13.458836043720067
94 94 10.564843391140878
94 95 -4.112511137023771
94 96 1.7941104400037784
95 93 -1.6189799544716785
95 94 6.536099464594886
95 95 4.477210835930239
95 96 -10.089348562423986
96 93 2.8483645367759904
96 94 -13.687290541146254
96 95 5.188836565506625
96 96 12.959613878037258
93 97 0.0256246479244447
94 98 0.14713359587119884
95 99 0.2581694852176721
96 100 0.2152236794129691
93 92 0.13851753178628445
94 92 0.19434276099244918
95 92 0.2231528732832965
96 92 0.033998112649695475
97 97 13.578770546090363
97 98 -6.128185845928985
97 99 -1.1704197073623486
97 100 -8.187322908615684
98 97 -4.634288402841221
98 98 4.4797966514484475
98 99 -9.189294071601527
98 100 12.34391399728329
99 97 1.705280900812242
99 98 4.238189451976391
99 99 5.4231779491408405
99 100 -11.672717012879506
100 97 -10.710066005420956
100 98 -1.3721693091615992
100 99 9.6483955865503
100 100 5.575511679384175
97 101 0.2575564951656807
98 102 0.08147131383694765
99 103 0.2787062427200659
100 104 0.20411092857326266
97 96 0.25830016904507286
98 96 0.2264191580741356
99 96 0.2852051802683959
100 96 0.12813814154535383
101 101 -6.531069105332851
101 102 11.364864871851212
101 103 -2.8711617477637508
101 104 3.5528601655158822
102 101 6.438708790955237
102 102 5.4089355445681955
102 103 1.8104562651403837
102 104 -7.228705217436392
103 101 0.4826278663339114
103 102 -4.9827493366707785
103 103 11.665774707410645
103 104 -6.79023330275618
104 101 1.1167455434576665
104 102 -11.343088177680903
104 103 -12.4172653520783
104 104 13.627676791772856
101 105 0.23738639888029966
102 106 0.0889005810645578
103 107 0.2712208078264527
104 108 0.17265381021651693
101 100 0.22844258478734164
102 100 0.09338593744922531
103 100 0.20124146775085494
104 100 0.2593112100749901
105 105 4.955825193951952
105 106 -9.255762442889944
105 107 3.3957626807307397
105 108 -1.7797573286402302
106 105 -2.4833509080302525
106 106 7.403285789633146
106 107 -6.13236048905222
106 108 8.082267663120945
107 105 4.916308198644363
107 106 10.230347880148845
107 107 -3.386342974563511
107 108 -7.244676403072451
108 105 -18.520508173425842
108 106 -3.8293477614155806
108 107 10.006084161057895
108 108 7.522615466456418
105 109 0.10386693711248593
106 110 0.04357816013362348
107 111 0.026147904649361186
108 112 0.1540605366020955
105 104 0.12449325448030613
106 104 0.15504854331052292
107 104 0.20654910811254507
108 104 0.09096727364042287
109 109 -10.250083172942402
109 110 -0.548771450077187
109 111 12.157169878374722
109 112 -0.23011535045562945
110 109 12.05688587665996
110 110 -3.3265919471922176
110 111 -1.2198198616165261
110 112 -8.781625187134118
111 109 7.708241712472972
111 110 -4.798253201542447
111 111 -8.47064573376997
111 112 6.014223612593011
112 109 -10.562635316153234
112 110 12.458288010675512
112 111 -3.4468274107174586
112 112 6.22282305690503
109 113 0.13800889968122868
110 114 0.10081272462742116
111 115 0.05453485410128338
112 116 0.22357448496847396
109 108 0.198995798080475
110 108 0.08889367489822698
111 108 0.2844268382880582
112 108 0.24811661978625588
113 113 -7.2791404355049885
113 114 -3.999531601200409
113 115 7.696455191415976
113 116 6.9341490643194135
114 113 3.0523535785524447
114 114 10.487485286806177
114 115 -14.018476903536838
114 116 2.946612252643617
115 113 -8.424366899926984
115 114 -0.13114314709782834
115 115 13.493554717739821
115 116 -4.253632882749005
116 113 9.624969620942895
116 114 -11.283272172861189
116 115 1.5453615011843096
116 116 -1.3033058535428308
113 117 0.07583407987219545
114 118 0.010025774759114592
115 119 0.009059757345190754
116 120 0.2792658507692388
113 112 0.10487956951868338
114 112 0.08903045264681808
115 112 0.24080146450024664
116 112 0.16751196564131818
117 117 -8.40202679182418
117 118 2.524961203289857
117 119 4.782599985017846
117 120 4.000897122332108
118 117 6.5446538364075
118 118 0.1989845306073939
118 119 -12.879360971357361
118 120 12.94321378029665
119 117 7.511594242733735
119 118 -10.528291378706225
119 119 3.8427346444840724
119 120 -4.05574546356096
120 117 -7.083429296289078
120 118 10.202313170828475
120 119 5.990374728073415
120 120 -10.735076310250989
117 121 0.18896493942980122
118 122 0.11609179232593674
119 123 0.2184655821459597
120 124 0.03673630571729447
117 116 0.17030291037419906
118 116 0.22150901339733747
119 116 0.07277777665763875
120 116 0.005075090881782573
121 121 10.203110709749359
121 122 -12.424589041903248
121 123 -3.877590783328401
121 124 14.760731482098514
122 121 -2.242885977344163
122 122 -3.1080886069995524
122 123 13.03543370775295
122 124 -1.935902898160052
123 121 -7.654603311243791
123 122 9.996570648271204
123 123 -7.2317988021981
123 124 -2.2968547732221123
124 121 4.228905273239252
124 122 2.4912495445022573
124 123 2.202649946044191
124 124 -8.438586807472156
121 125 0.04467010161118581
122 126 0.08424340560045955
123 127 0.03649737955982885
124 128 0.05484561309670672
121 120 0.13835622124056465
122 120 0.08330862705446902
123 120 0.00678278356899642
124 120 0.047322150854727504
125 125 -9.00292886003494
125 126 -1.0910767633090082
125 127 8.353422386002627
125 128 3.231344176949128
126 125 5.9485710193051995
126 126 4.456848670834577
126 127 6.219255861517383
126 128 -10.130870124154864
127 125 0.2359762929662212
127 126 -9.152616909780974
127 127 0.8322274396961759
127 128 6.944025046992682
128 125 4.801129928469131
128 126 8.38871657503591
128 127 -20.132493966930795
128 128 2.344356485556343
125 129 0.1391500908069706
126 130 0.17260673271311625
127 131 0.1522860840099645
128 132 0.20816505037532632
125 124 0.11614836163566267
126 124 0.15297810055488367
127 124 0.2764634477190299
128 124 0.08960586322494102
129 129 9.154477856556142
129 130 -7.3131377934397745
129 131 -4.555201483967283
129 132 9.410708115139606
130 129 -6.736464685326052
130 130 7.066434607102823
130 131 -3.330877731662467
130 132 5.293059645684358
131 129 -4.511788702326973
131 130 15.482252332828548
131 131 -4.91846632278209
131 132 -12.087954942600165
132 129 -1.1488235745674555
132 130 -3.881810848445342
132 131 10.275433608383542
132 132 -7.914382758468912
129 133 0.16057801780061068
130 134 0.08885702791776688
131 135 0.25693425504725115
132 136 0.08103685558493108
129 128 0.03564808364378009
130 128 0.1232973436693553
131 128 0.2198417147682097
132 128 0.22438487389171569
133 133 -5.508834012927734
133 134 14.149173161550284
133 135 -11.139068178447728
133 136 4.06078614534634
134 133 7.548988936560276
134 134 -1.1568560474431728
134 135 2.062541103528605
134 136 -7.106204635603334
135 133 7.392762259872196
135 134 -1.0995366085530442
135 135 -10.74658562620045
135 136 5.087453199401288
136 133 -9.27094862941753
136 134 -5.110020593984127
136 135 14.201160445945023
136 136 0.9154771547623919
133 137 0.289454451712209
134 138 0.04786033307649471
135 139 0.03666926591360435
136 140 0.16639287925857882
133 132 0.018502644733469187
134 132 0.26346832918585383
135 132 0.22109724378691853
136 132 0.033378030558071446
137 137 3.977350768148128
137 138 8.157140798286571
137 139 -10.665536983002186
137 140 5.12435549016365
138 137 -2.7713624031501216
138 138 -12.433211588884737
138 139 3.6078679984606783
138 140 8.722057346238378
139 137 11.835791980639067
139 138 1.3435329666820972
139 139 -6.277155604796859
139 140 -0.9939768651903315
140 137 -11.541069392363232
140 138 2.488130540884277
140 139 11.888845225925545
140 140 -7.698012630477965
137 141 0.2997969103049771
138 142 0.12621455523776906
139 143 0.18310909236121556
140 144 0.12217896742499956
137 136 0.21274213766560054
138 136 0.11443907115036604
139 136 0.21747068350052187
140 136 0.2217307697474762
141 141 -11.327912099643564
141 142 6.16018033086755
141 143 9.681006138897304
141 144 -5.855350741568174
142 141 16.013106194601644
142 142 3.089860115114805
142 143 -10.475633000141517
142 144 -7.02444801422999
143 141 1.5192299460494396
143 142 -10.586740449991138
143 143 4.162365820037874
143 144 7.167332494435518
144 141 -6.921335158252939
144 142 4.897817879452662
144 143 -1.4622930253420758
144 144 4.422683898015865
141 145 0.05828453440283179
142 146 0.2734350252431823
143 147 0.15715128164836897
144 148 0.25269219077130883
141 140 0.0011435324643036759
142 140 0.222068617119538
143 140 0.10945130599133181
144 140 0.1510822551065737
145 145 -11.920711772767666
145 146 5.412292091802349
145 147 -1.4832289604693887
145 148 3.993687946734371
146 145 0.8329742278310421
146 146 -14.3309223498131
146 147 11.909791680365819
146 148 3.0117441177761557
147 145 9.234558222809227
147 146 9.80735228954046
147 147 -5.732931059697408
147 148 -10.187238259166403
148 145 0.20785015178661126
148 146 -5.215821596266086
148 147 -1.3306292076267368
148 148 10.11657919128472
145 149 0.2718654009316997
146 150 0.1252846337434254
147 151 0.10661688770288455
148 152 0.2335630417664738
145 144 0.264166983736161
146 144 0.1128901109026832
147 144 0.17842560344246564
148 144 0.026726433495244128
149 149 -12.421643761408845
149 150 -4.175115358452501
149 151 -0.7002688384250365
149 152 11.495910713421791
150 149 4.114048549762321
150 150 10.226019634046757
150 151 -2.6178454352130816
150 152 -9.388215760629011
151 149 3.624863108525915
151 150 2.804206049774486
151 151 7.607268311908515
151 152 -11.799400013373782
152 149 14.652569158961123
152 150 -3.3215016677244007
152 151 -4.3989031421926
152 152 3.4577701490105563
149 153 0.18558723251788953
150 154 0.21037022272632713
151 155 0.04652226449888135
152 156 0.026257320330010537
149 148 0.19812493934588307
150 148 0.16198205154586487
151 148 0.08238672588486051
152 148 0.10105957189416288
153 153 0.14293629428785276
153 154 -1.038846531389889
153 155 -9.337034308339952
153 156 10.088889646164782
154 153 12.972196679084108
154 154 2.2466738367918753
154 155 0.6368278654069897
154 156 -11.929079434471248
155 153 10.132654224509041
155 154 -8.090494721674732
155 155 3.7101199757898415
155 156 -2.279591442786122
156 153 -14.799103516862077
156 154 7.234049249557088
156 155 5.594987207889035
156 156 0.4042500199016358
153 157 0.2076643002602624
154 158 0.15292793429157223
155 159 0.062032861489878674
156 160 0.12297728423895286
153 152 0.03681619799156605
154 152 0.29571489549788926
155 152 0.06069477738103848
156 152 0.19536098099252774
157 157 -8.331784025547641
157 158 -7.400958668136784
157 159 7.524619297047533
157 160 8.936845157143297
158 157 -0.8167261356754627
158 158 8.504744853700226
158 159 -4.694073206951138
158 160 -3.276045207795778
159 157 0.26900225754998874
159 158 -8.76564266200266
159 159 -12.824410809947732
159 160 12.683018847089407
160 157 6.233059888301566
160 158 1.44249602727723
160 159 10.392320567747277
160 160 -8.85381705253867
157 161 0.0578010306450883
158 162 0.29807922354530886
159 163 0.29404579390449437
160 164 0.2556587262620001
157 156 0.04204434184000343
158 156 0.14782759103409768
159 156 0.12798658362316254
160 156 0.2869701739611223
161 161 -1.1174338889176203
161 162 -15.66950405634323
161 163 2.512786902393691
161 164 14.851222767766346
162 161 10.24334003851276
162 162 1.1795469482511736
162 163 -4.396799298993212
162 164 -5.510179596552174
163 161 -4.475280197302204
163 162 5.256658313828228
163 163 7.364841462359232
163 164 -6.099877306145359
164 161 3.9553677653235706
164 162 7.964061637173789
164 163 -12.169888034007965
164 164 -0.2154760763798348
161 165 0.27534317501016103
162 166 0.19342641335297198
163 167 0.29699687393239665
164 168 0.1772918598512819
161 160 0.2376170163364902
162 160 0.08859285114182014
163 160 0.1559275692957137
164 160 0.21016512024826
165 165 0.1429316772805509
165 166 -3.5949997243238743
165 167 -1.6894845025508298
165 168 8.26043505061108
166 165 -11.176677043102343
166 166 15.75894779813707
166 167 -2.1368473714057883
166 168 -5.614263204178528
167 165 10.371267820428814
167 166 1.844861082217714
167 167 -7.2900416301786075
167 168 -5.399297950362971
168 165 -0.23094539693927826
168 166 -11.697365567915146
168 167 12.635905624946071
168 168 3.578567737613505
165 169 0.24845475756714464
166 170 0.16386706319545685
167 171 0.1755559907442508
168 172 0.1254765969332712
165 164 0.20467717301171284
166 164 0.2843523971523418
167 164 0.05344331522850249
168 164 0.017373134674755052
169 169 11.455877069364812
169 170 -8.130714627384158
169 171 1.429247365493271
169 172 -9.137548430543465
170 169 0.6152486176425616
170 170 9.790451539590213
170 171 -0.6114127718027605
170 172 -6.333576285560331
171 169 -5.794233887074964
171 170 9.152938919244889
171 171 -8.737109678997511
171 172 13.639870425308759
172 169 -5.096662203742228
172 170 -9.53631152881629
172 171 8.235218427469833
172 172 3.453798027216776
169 173 0.2846167286071498
170 174 0.2686325876216462
171 175 0.23120585539555832
172 176 0.22966767757339432
169 168 0.2566081798779085
170 168 0.19344150148215594
171 168 0.18400428393502583
172 168 0.14211313001412534
173 173 -7.391817064033159
173 174 9.957526643922842
173 175 -7.365245400226057
173 176 2.3566046861213663
174 173 7.089393113026356
174 174 11.415887650582608
174 175 -6.012467179749551
174 176 -9.03334522567053
175 173 2.742061138223395
175 174 -8.85078300438506
175 175 12.185700734579596
175 176 -2.698149144416676
176 173 1.0179515001595294
176 174 -10.47282876197345
176 175 -1.816139104714259
176 176 11.332868392560227
173 177 0.05318184230391469
174 178 0.29410508338793556
175 179 0.10333074676855826
176 180 0.09383074060150158
173 172 0.16764043998870032
174 172 0.07489389176771817
175 172 0.08649138828569959
176 172 0.2560977437825142
177 177 -3.9140772048043813
177 178 4.822685734358319
177 179 -3.088687112907407
177 180 2.6576601187596767
178 177 7.49706053565796
178 178 -13.028687597340484
178 179 -1.8483524547246832
178 180 7.201752247261121
179 177 7.241225111168951
179 178 13.739195955397705
179 179 -7.991460467035916
179 180 -8.588768713099256
180 177 -5.886991960918872
180 178 -6.095572060329906
180 179 14.291585987972761
180 180 -2.165862180509593
177 181 0.27234364868736244
178 182 0.2070070936531936
179 183 0.1605541263167949
180 184 0.09279744439092634
177 176 0.016234951755052074
178 176 0.11900696518279213
179 176 0.2656293759244405
180 176 0.13103488394996574
181 181 -4.898943989973916
181 182 4.6682258250951545
181 183 12.45393410474025
181 184 -5.244617130899846
182 181 -3.7181491087516907
182 182 -0.008917528241944458
182 183 -2.7097874330472553
182 184 7.754426194544159
183 181 4.638609096986079
183 182 8.341703236032517
183 183 -8.785871831428985
183 184 -10.681961135697499
184 181 6.625434698046112
184 182 -15.028724578584278
184 183 -1.0256271854342442
184 184 11.536695486224517
181 185 0.19756470482999822
182 186 0.05928043766822572
183 187 0.07933162276015138
184 188 0.06331201492982681
181 180 0.15343761209295273
182 180 0.20598658882193602
183 180 0.26843284896309033
184 180 0.27406287366550025
185 185 -4.851173522686644
185 186 8.882620840809093
185 187 -7.495621077985351
185 188 6.718319248570643
186 185 6.034461608494332
186 186 -5.269935294415274
186 187 0.5250863026146398
186 188 -1.9864731238629778
187 185 -7.255398990316573
187 186 -9.810560864941317
187 187 6.576570304391122
187 188 5.28869704063206
188 185 7.411116538065515
188 186 12.768807632071288
188 187 6.718791928109918
188 188 -15.511850423581203
185 189 0.027410845054783327
186 190 0.2763480126132425
187 191 0.1841500058135195
188 192 0.005401293380402982
185 184 0.16145891015634
186 184 0.2823882089724275
187 184 0.25807334168532114
188 184 0.2975407489694226
189 189 11.304899945330884
189 190 -4.862810827261344
189 191 -11.782230380466878
189 192 8.189853388813342
190 189 -13.073274713753653
190 190 12.855487200877906
190 191 -1.6140914573849825
190 192 -5.253670431022676
191 189 4.708560462814114
191 190 1.3029970258196462
191 191 3.4579949819062956
191 192 -5.540121342091011
192 189 -5.522133609975425
192 190 -5.126437070765435
192 191 12.131334051953694
192 192 1.3470896345751677
189 193 0.2966057729176392
190 194 0.22159281657053817
191 195 0.28859361071641926
192 196 0.18367003485903302
189 188 0.2680251861769088
190 188 0.25946393173943794
191 188 0.19535157597524036
192 188 0.23816330393974852
193 193 -4.377927603314828
193 194 5.073618667783587
193 195 5.521985944006845
193 196 -8.802867678981402
194 193 -3.664237710330209
194 194 0.8041293276430657
194 195 -6.59026005932115
194 196 20.053292384003914
195 193 4.830582506089587
195 194 4.707136649922996
195 195 -3.387973027911951
195 196 -9.072656857868742
196 193 4.1254419995636225
196 194 -13.14192227702839
196 195 7.093978363511947
196 196 2.032968759351779
193 197 0.029706824985286515
194 198 0.2070524802563887
195 199 0.05589469260377633
196 200 0.2744645803593763
193 192 0.13359702258632286
194 192 0.22370187873464592
195 192 0.09760614470727864
196 192 0.008982928227360798
197 197 0.7090749755160781
197 198 -6.498548133396458
197 199 -0.8003023523029141
197 200 7.056740963373923
198 197 -10.23735096888646
198 198 2.993023742516932
198 199 -2.5014040584627573
198 200 8.74052700076371
199 197 1.750623332280722
199 198 3.130682969179284
199 199 18.312250008318173
199 200 -6.640195491170786
200 197 6.9608933871158385
200 198 -0.5348189801447878
200 199 -15.88490457627222
200 200 -3.611898606110465
197 201 0.12683395636209854
198 202 0.07541595856895286
199 203 0.168525682105328
200 204 0.14466406259633985
197 196 0.24476665185126095
198 196 0.09324718104762446
199 196 0.14765483242244273
200 196 0.16094423624143508
201 201 10.58395077816108
201 202 -0.13789080385960537
201 203 -9.474694232910833
201 204 5.423662243273676
202 201 -12.767915530652525
202 202 4.9364829794201475
202 203 -2.6782486672296018
202 204 7.1057238866568815
203 201 10.074141169860065
203 202 3.6865923410379997
203 203 6.270174537360168
203 204 -16.16747991813875
204 201 1.2861421879550856
204 202 -4.945145907526692
204 203 7.912101351358545
204 204 -3.9026162294437503
201 205 0.07669215619595172
202 206 0.09810518906862571
203 207 0.23393407529758006
204 208 0.13802053149449348
201 200 0.13158780198281642
202 200 0.017209345346689407
203 200 0.005059032678365915
204 200 0.19062637300621413
205 205 -11.738381726641029
205 206 -1.9061816339733606
205 207 3.964189460460866
205 208 12.148673259882104
206 205 12.708189786727432
206 206 -2.7753503500861667
206 207 -3.8117333638955575
206 208 -4.227090558880566
207 205 4.189886141538166
207 206 -0.04248720380871355
207 207 5.527141582157078
207 208 -8.645627978617057
208 205 -9.070188152535286
208 206 13.103317085425994
208 207 -10.398862514082994
208 208 2.17228941596987
205 209 0.08318424628630573
206 210 0.15822932903352058
207 211 0.16494478659457326
208 212 0.20916378463479723
205 204 0.1575939161360406
206 204 0.012323063670731481
207 204 0.14426949696698732
208 204 0.1314322753100892
209 209 -2.293300016808563
209 210 10.815525031770843
209 211 -6.072146019755345
209 212 1.8821759020471218
210 209 8.031935909696589
210 210 -11.269231783529472
210 211 2.5783894900678774
210 212 -4.200212298976959
211 209 -1.0532814395315786
211 210 -13.042745477869463
211 211 -2.2504618828333394
211 212 13.904047902046461
212 209 -3.9607932837429742
212 210 8.297135670155992
212 211 9.787919427009887
212 212 -8.222575394985606
209 213 0.1609487178895234
210 214 0.20781531091101926
211 215 0.08468357039170868
212 216 0.2941008793029858
209 208 0.19095363001112056
210 208 0.14986213734412604
211 208 0.09652754510505177
212 208 0.049658170877595185
213 213 8.26557387663627
213 214 -1.914893614473302
213 215 8.498025668358492
213 216 -8.980655644605132
214 213 -4.584572086260954
214 214 -6.170026734605147
214 215 0.2176045461369158
214 216 8.28528489400689
215 213 -15.974743226540634
215 214 17.17891110339354
215 215 -1.9110017812871962
215 216 -1.9364916349931314
216 213 2.5373004683151756
216 214 0.4332240281596607
216 215 -7.537504438506986
216 216 4.713294053690206
213 217 0.20003422729923206
214 218 0.17043043659975182
215 219 0.14194465974960332
216 220 0.13454827606523528
213 212 0.14555786938005813
214 212 0.2952548358749137
215 212 0.24274527854076033
216 212 0.12235314583470384
217 217 -6.256294934856693
217 218 -2.92841045287081
217 219 2.4295995238733696
217 220 7.099901467391963
218 217 -6.037199205580232
218 218 10.724189828630845
218 219 5.384080251760404
218 220 -4.300363109335023
219 217 6.873753003041639
219 218 -4.751748704379084
219 219 -15.521794855934125
219 220 11.977324461567164
220 217 8.765380958575452
220 218 -3.174908780347771
220 219 4.626126037814416
220 220 -11.4241482099388
217 221 0.16747194342170724
218 222 0.07612189239983151
219 223 0.0008067215066748235
220 224 0.08631428854600406
217 216 0.17061775380638602
218 216 0.17679077127352483
219 216 0.12066381837100808
220 216 0.05809160943313063
221 221 11.320132504499748
221 222 -13.665698713795113
221 223 6.942576922796892
221 224 -3.1994232121971318
222 221 -12.45537709870282
222 222 9.857993449564134
222 223 6.655702983129579
222 224 -1.8387444550171042
223 221 -3.042769085817138
223 222 2.5292581660715845
223 223 -7.766154214300598
223 224 10.32121732885105
224 221 1.8987066593740587
224 222 6.69505714748502
224 223 -9.560640330272259
224 224 -0.5837712826313084
221 225 0.12024431520560698
222 226 0.28340931083103227
223 227 0.14309297610632787
224 228 0.18075398941363444
221 220 0.16023266423265076
222 220 0.15598810817368153
223 220 0.035837544381292274
224 220 0.28037657495324375
225 225 4.652950302382615
225 226 3.4437349167391598
225 227 2.974247340255691
225 228 -3.6664687044344166
226 225 -0.7237420065543972
226 226 -7.534171762948266
226 227 17.243912821068104
226 228 1.4230754496049498
227 225 4.98478605204567
227 226 -5.653900493859276
227 227 -13.925991817137415
227 228 2.6372287185722407
228 225 -11.202388889010034
228 226 11.234267209269284
228 227 -8.114298737997085
228 228 2.879124311338262
225 229 0.22197372758614076
226 230 0.2695229255348842
227 231 0.019339666600224813
228 232 0.059137751158631624
225 224 0.2178021067767737
226 224 0.1360625694646003
227 224 0.14681623098284358
228 224 0.20896414543982497
229 229 14.223813163083513
229 230 -2.9386777205999466
229 231 -5.6262190454742145
229 232 -3.1208480712304607
230 229 -9.297801074974208
230 230 -8.60041286925102
230 231 14.343679290028751
230 232 -2.8939839950281137
231 229 -5.922509670381057
231 230 -4.141751282350804
231 231 3.2585149583334805
231 232 8.888063634944682
232 229 -2.1108978777514147
232 230 12.75668781585397
232 231 -7.385495851654123
232 232 2.353816344866216
229 233 0.29467931570915834
230 234 0.008944248992638815
231 235 0.26314862371657305
232 236 0.04743174117344899
229 228 0.2504570369404791
230 228 0.13600058212822055
231 228 0.11242696023500622
232 228 0.03977738636726464
233 233 9.036899993945346
233 234 -2.0733446451073356
233 235 -1.5641177733950316
233 236 0.960980629506447
234 233 -6.404991694365678
234 234 9.990234134197348
234 235 5.422260639079723
234 236 -17.13937104068048
235 233 -2.9595064234306823
235 234 -9.652307755008044
235 235 6.427325210585196
235 236 10.815437178793982
236 233 1.6154815851170958
236 234 6.327922872007598
236 235 -11.390558923309374
236 236 3.173476063152594
233 237 0.06230637050606866
234 238 0.15965070381351693
235 239 0.24092554076272246
236 240 0.24074067225411164
233 232 0.1155508686333056
234 232 0.022960974665993183
235 232 0.18276838387311167
236 232 0.03784650988413025
237 237 -2.338991638535521
237 238 -2.2930096680872625
237 239 13.076974142954905
237 240 -3.4134664961411656
238 237 10.195972252434787
238 238 0.8774116121410772
238 239 -4.739689920356041
238 240 -4.200479381188762
239 237 2.8265527344199617
239 238 11.129410787059447
239 239 -5.372922472648572
239 240 -6.699464967600441
240 237 -10.600362458821628
240 238 -6.8597412596449026
240 239 -5.003943949813036
240 240 16.361794785455633
237 241 0.2187459624628089
238 242 0.2811490382880684
239 243 0.23882393138036825
240 244 0.2748633516454221
237 236 0.1282927231103837
238 236 0.2126540934609228
239 236 0.019062158920579875
240 236 0.14561950701946927
241 241 3.829200889396119
241 242 -5.697207341011521
241 243 8.176416805335707
241 244 -4.097396586538987
242 241 10.169915687461218
242 242 -12.28830321883219
242 243 -2.934114796185175
242 244 5.092239304304143
243 241 1.5301373891238754
243 242 11.993647006335989
243 243 -11.571366563690509
243 244 -3.88648563363568
244 241 -13.095115877582169
244 242 9.440301215950528
244 243 3.3995140757983986
244 244 2.9864460688281516
241 245 0.2049797353630595
242 246 0.03185706779517814
243 247 0.23832727409308346
244 248 0.21823966117547702
241 240 0.16322515462516785
242 240 0.2440708600372204
243 240 0.1205364452117193
244 240 0.0649664810154255
245 245 0.6014427516353509
245 246 -10.766130606932183
245 247 11.58132553222637
245 248 0.1976484271856893
246 245 5.651965455716224
246 246 3.1700904579758693
246 247 0.727336498105394
246 248 -10.412562140838544
247 245 1.7287853522239196
247 246 -9.262091454846155
247 247 -3.2709511166703025
247 248 19.547864112733677
248 245 -7.065906353695511
248 246 7.609921760453033
248 247 -2.261441466662666
248 248 -0.2695697461842873
245 249 0.25492610250127506
246 250 0.05800678509510344
247 251 0.2828773559373164
248 252 0.25878092181393936
245 244 0.23258322105886597
246 244 0.28328923473530043
247 244 0.1340585352060219
248 244 0.2966664027762586
249 249 10.18704494103844
249 250 7.191216922200561
249 251 -2.51289710201823
249 252 -10.850110129819516
250 249 -0.8108217888055393
250 250 -1.0572340377523544
250 251 8.430983403174022
250 252 -1.8942390009586385
251 249 8.619273319720783
251 250 -10.122239041904571
251 251 2.7291609011667566
251 252 5.404476518567055
252 249 -17.52255717093152
252 250 3.834275784082665
252 251 -5.232599557342948
252 252 8.803187739748797
249 253 0.15427168340063974
250 254 0.1353428801261262
251 255 0.23009606676755034
252 256 0.2669680344297496
249 248 0.25661333384690804
250 248 0.21844144062939178
251 248 0.014399413202803246
252 248 0.29306657803951225
253 253 -3.2237309430094347
253 254 -3.8478739790109806
253 255 10.971708555633489
253 256 -6.189224247852846
254 253 11.868322810669941
254 254 3.6790984363406802
254 255 -13.743955517438803
254 256 1.5793712264066635
255 253 -0.1188393643639806
255 254 -14.480726795167671
255 255 7.075086738641598
255 256 10.363452659852827
256 253 -4.042687097697016
256 254 8.296293661445043
256 255 -3.5342781304906876
256 256 1.2273780006447914
253 257 0.23767184723909948
254 258 0.08449618364310398
255 259 0.09309689913971905
256 260 0.22186638436043246
253 252 0.2547949924036454
254 252 0.14015336350489335
255 252 0.0743201038225854
256 252 0.29388275660000757
257 257 -2.3453117268222092
257 258 -7.491641396302158
257 259 0.06016427750624199
257 260 11.361109272892955
258 257 5.211833082075271
258 258 1.8868381693177376
258 259 -5.868374410930365
258 260 0.3457537056976078
259 257 11.48380345301091
259 258 -14.596740171301118
259 259 13.478390613494533
259 260 -0.7117705467639953
260 257 -3.7064161949078693
260 258 9.463443068846027
260 259 2.8053588922456014
260 260 -10.086384970808888
257 261 0.01044781056082289
258 262 0.049582734768232
259 263 0.07849192434146225
260 264 0.0714027495732648
257 256 0.19959330527630778
258 256 0.19574625473278112
259 256 0.2074563069972959
260 256 0.20676163090030322
261 261 -6.888730891521927
261 262 13.049650466025978
261 263 1.971580224466022
261 264 -8.43305988338518
262 261 -1.6899641153408362
262 262 -12.367087173828734
262 263 7.006519719325952
262 264 10.905797118576974
263 261 6.312018167457323
263 262 -3.0453596670453105
263 263 -11.36310896044718
263 264 7.473795985255895
264 261 2.531775985342601
264 262 -0.0420241572481018
264 263 8.326096996002205
264 264 -8.34209932898205
261 265 0.06133133581446228
262 266 0.29133682101785224
263 267 0.19475359422632557
264 268 0.18700779162303022
261 260 0.1462747261638896
262 260 0.2190620574985342
263 260 0.06084977189155596
264 260 0.13579947412886098
265 265 5.819278529341639
265 266 -12.571872261395225
265 267 2.176094780667161
265 268 -1.4017442886362992
266 265 2.284427841113766
266 266 13.947687752362496
266 267 8.980544250561675
266 268 -12.207443312162521
267 265 -1.134936439581217
267 266 5.1024391303005014
267 267 -10.291803313735876
267 268 6.594960313272132
268 265 -6.245536824859054
268 266 -8.432346380753767
268 267 1.0316270836933203
268 268 8.946628711601686
265 269 0.031055573392980772
266 270 0.11793032169463519
267 271 0.2314911506577277
268 272 0.28205167956399485
265 264 0.10199583199845579
266 264 0.08406663570394199
267 264 0.05897312753725381
268 264 0.19336530343856653
269 269 -0.9166395896909968
269 270 14.48144088254168
269 271 -6.01564604319901
269 272 -3.2519996955651482
270 269 8.296204290619391
270 270 5.754693777077828
270 271 13.02593571825649
270 272 -15.882444392025928
271 269 -5.139030832186655
271 270 -1.5449242040958644
271 271 3.055849952865553
271 272 4.930737009663617
272 269 3.693072577225585
272 270 -9.820863174797251
272 271 -4.492850546127214
272 272 4.7003122787143345
269 273 0.03742417622013405
270 274 0.003922800631583412
271 275 0.21135807628911757
272 276 0.12176151304629443
269 268 0.07672776281003287
270 268 0.14557511015312607
271 268 0.28574520934679665
272 268 0.18848412147954327
273 273 -2.953997566561214
273 274 7.406244479903247
273 275 -13.04920777440012
273 276 9.95450381992676
274 273 13.168020455361061
274 274 -0.8855687531423501
274 275 1.499559677070906
274 276 -12.315602430625407
275 273 0.26669720305386946
275 274 -10.841482645981701
275 275 10.354340191005466
275 276 1.5792272066832682
276 273 -0.18542487224201937
276 274 3.975060633667536
276 275 4.801670008539846
276 276 -8.29077903688489
273 277 0.22523175974526088
274 278 0.0634622748668834
275 279 0.002153090748003894
276 280 0.1290025513745333
273 272 0.11854385983541915
274 272 0.07694097462790596
275 272 0.2675648553294015
276 272 0.17184199594069577
277 277 -2.5839369330298974
277 278 -1.6184356682060221
277 279 11.7209627418618
277 280 0.7312420698873461
278 277 -1.931610498434092
278 278 14.450354930006299
278 279 -7.72077374471433
278 280 -1.8188557831289764
279 277 11.298622267458681
279 278 -16.66225528173347
279 279 -2.4558479487720573
279 280 -3.644285250664035
280 277 -3.9616422910598006
280 278 -6.573010162148681
280 279 3.094725019457059
280 280 8.95811238617082
277 281 0.2353341918672958
278 282 0.039986981865595725
279 283 0.06733703542594113
280 284 0.17375429591925637
277 276 0.28960319590004646
278 276 0.21105380501881782
279 276 0.06323959330432083
280 276 0.10381740879528722
281 281 5.285394316482679
281 282 -3.762684920717547
281 283 3.5088899577587886
281 284 -8.56536284668795
282 281 -2.4541277634629197
282 282 21.87184864922274
282 283 -3.7635330261620203
282 284 1.0111212636316227
283 281 3.9865406794517497
283 282 -3.17130523077085
283 283 -5.246829666609032
283 284 3.269308027499363
284 281 -9.605933749206436
284 282 -9.159969638106794
284 283 5.697110392870417
284 284 9.789721775131103
281 285 0.043804402402719676
282 286 0.23732222519733462
283 287 0.2132551443085355
284 288 0.2012489296512334
281 280 0.0015227120787947078
282 280 0.2422095644411441
283 280 0.2631988038363986
284 280 0.2714552629261914
285 285 6.435599950522413
285 286 0.09730997619812651
285 287 -0.45142917945218053
285 288 -2.586850031728014
286 285 -6.591812441350959
286 286 4.097333897676811
286 287 -0.6892088200001879
286 288 0.8966675991862162
287 285 2.03861952583696
287 286 -7.8344848848478135
287 287 14.219265275073504
287 288 -2.577618263990147
288 285 6.08373351565431
288 286 -12.592251114804977
288 287 -7.690830581815323
288 288 18.8962066091814
285 289 0.19992807308029875
286 290 0.17618685739527298
287 291 0.009513063128325271
288 292 0.04250299323846267
285 284 0.22340323754048033
286 284 0.2427114895593048
287 284 0.05228633815626114
288 284 0.12162161233444561
289 289 -5.101459246922468
289 290 -4.263436093248984
289 291 -5.35032039545006
289 292 14.736118316449112
290 289 -0.09441126969662164
290 290 -3.6565088839523376
290 291 9.607684329357717
290 292 -1.5259054372380394
291 289 12.584199364679058
291 290 3.441815515767848
291 291 -7.458373301912186
291 292 -12.923448464313624
292 289 -9.609350491027865
292 290 6.499134259767736
292 291 8.31877138879084
292 292 1.1716731448160642
289 293 0.18974369441107047
290 294 0.24242814875813207
291 295 0.07278093642301771
292 296 0.17737162939606457
289 288 0.2191111976425104
290 288 0.11700795280248039
291 288 0.19701076419564093
292 288 0.002493644009307494
293 293 -0.11151837639920638
293 294 4.8996017908263045
293 295 3.8204010257828527
293 296 -9.659150726850166
294 293 -8.718469014925253
294 294 -1.7967048102688425
294 295 0.5084003951032002
294 296 11.614609307480858
295 293 11.817460803090086
295 294 -12.028008094883486
295 295 9.518994719674762
295 296 -5.679750651947919
296 293 -0.4972719617909234
296 294 10.400525985343448
296 295 -11.52269604696501
296 296 1.141230845817078
293 297 0.17266633985827512
294 298 0.051576204244909406
295 299 0.12016083104115077
296 300 0.11228228966344726
293 292 0.06999937329624452
294 292 0.20581928630864663
295 292 0.1890225333969332
296 292 0.0430922662648469
297 297 1.1984544608088312
297 298 -6.581619796103819
297 299 13.123697171771719
297 300 -8.479822333564544
298 297 -10.927000991274856
298 298 -2.072874036723367
298 299 6.361842367093507
298 300 6.056459000070195
299 297 12.061711067078374
299 298 3.0662531960074357
299 299 -12.637271444142414
299 300 2.919191640726907
300 297 -5.262463085930906
300 298 10.460402738384365
300 299 -6.783314959224137
300 300 -0.14589451339318468
297 296 0.0222014480834535
298 296 0.17555776907397552
299 296 0.20532960446326612
300 296 0.22269766211712622
